102
104
109
110
116
12
121
126
129
13
132
134
135
139
140
142
143
155
156
157
158
162
168
169
172
173
175
177
180
183
185
188
190
198
199
206
207
209
213
214
22
222
223
230
236
24
241
243
247
254
256
260
262
264
27
277
278
28
280
284
285
294
296
297
299
301
302
303
304
305
306
314
316
317
319
320
321
322
324
325
329
331
333
338
34
340
341
344
347
35
355
356
367
368
369
375
376
377
38
380
381
382
387
392
393
396
398
399
403
405
406
410
413
414
417
420
422
425
429
430
433
435
437
439
442
450
451
455
456
458
463
464
467
475
479
480
481
482
485
498
5
501
502
504
505
507
508
509
510
511
517
52
520
522
523
525
529
53
532
533
54
541
546
548
549
550
552
554
555
557
561
569
57
570
574
576
579
584
585
586
589
59
591
598
599
60
600
606
608
616
617
62
628
629
632
64
640
643
647
65
658
659
66
664
666
672
72
73
79
81
83
88
89
90
91
92
96
97
